# Performance of Random Forest | SVM | LogisticRegression in 10-fold CV

    Acc, Sn, Sp, Pre, MCC, AUC:
RF: [ 0.99453433  0.98787226  0.9972194   0.99306577  0.9866387   0.99941448]
SVM: [ 0.98163284  0.96668616  0.98765695  0.96929493  0.95511261  0.97717156]
LR: [ 0.98460561  0.96550462  0.99230407  0.98060835  0.96228947  0.97612027]